4294967294,0
4294967294,492
4294967278,244
4294967278,205
66,509
4294967279,239
4294967278,298
4294967278,297
4294967278,254
4294967279,281
495,10
495,9
495,8
495,5
528,76
4294967294,485
4294967294,1564
4294967294,1828
4294967294,1829
4294967294,1750
4294967294,1756
4294967294,1645
4294967294,1643
4294967294,1818
4294967294,1639
4294967294,1648
4294967294,1662
4294967294,1793
4294967294,1831
4294967294,1832
4294967294,1631
4294967294,510
4294967294,1826
4294967294,474
4294967294,1922
4294967294,501
4294967294,1995
4294967294,2307
4294967294,1776
4294967294,1778
4294967294,1841
4294967294,1850
4294967294,1942
4294967294,1923
4294967294,1627
4294967294,1813
4294967294,1625
4294967294,1638
4294967294,497
4294967294,1619
4294967294,1798
4294967294,1656
4294967294,1607
4294967294,1761
4294967294,1930
4294967294,1800
4294967294,507
4294967294,1603
4294967294,1554
4294967294,1546
4294967294,1657
4294967294,1548
4294967294,1660
4294967294,1920
4294967294,1816
4294967294,1817
4294967294,1467
4294967294,1550
4294967294,1463
4294967294,476
4294967294,1824
4294967294,1438
4294967294,1665
4294967294,1588
4294967294,1432
4294967294,1428
4294967294,1591
4294967294,1805
4294967294,1836
4294967294,1427
4294967294,1747
4294967294,104
4294967294,106
4294967294,166
4294967294,24
4294967294,175
4294967294,183
4294967294,176
528,94
66,508
4294967278,240
4294967279,278
294,0
4294967279,285
319,14
66,507
4294967294,1425
4294967278,422
350,19
350,18
350,2
352,2
4294967294,488
228,29
370,1
354,1
346,1
314,6
313,7
298,1
279,1
273,14
263,1
257,1
232,14
338,1
410,1
117,1
36,1
4294967294,1651
480,1
4294967294,1985
4294967294,1430
4294967294,1693
304,6
4294967294,1634
417,6
10,10
10,1
4294967294,1431
308,10
264,1
4294967294,1827
4294967294,1697
4294967278,369
4294967278,368
487,6
488,6
57,6
4294967294,1935
4294967294,472
4294967279,276
4294967279,286
4294967279,186
4294967278,359
4294967294,120
4294967294,1446
4294967294,599
4294967294,26
4294967294,422
4294967294,1420
66,506
66,505
66,518
66,517
66,395
66,392
66,504
4294967278,428
4294967279,161
4294967279,149
66,503
4294967278,424
4294967278,362
66,502
66,273
66,271
4294967279,258
66,272
66,270
66,501
66,500
66,499
66,516
4294967278,291
66,498
4294967278,239
4294967278,290
4294967279,163
4294967278,332
4294967278,289
66,497
66,496
528,93
66,495
66,394
66,391
66,494
66,393
66,390
66,515
66,269
66,493
66,268
66,492
4294967279,159
4294967279,158
66,491
493,7
66,230
66,222
66,207
66,197
66,195
66,113
66,96
4294967279,245
66,490
4294967294,495
489,1
489,32
228,35
228,24
489,4
455,4
489,33
489,31
489,27
489,22
489,19
489,17
489,13
489,12
489,9
489,8
489,25
454,1
458,4
458,7
228,42
228,135
228,94
228,84
228,134
431,7
431,5
273,20
154,16
154,14
154,12
154,11
154,9
154,6
154,5
164,24
164,0
164,23
164,22
164,21
164,20
38,16
38,14
38,12
38,11
38,8
38,7
38,6
38,5
38,15
391,12
391,6
391,5
37,13
421,5
120,5
39,5
44,5
7,5
129,5
230,5
4294967279,390
4294967294,1458
137,2
376,2
4294967278,216
528,92
66,489
4294967294,1599
228,61
4294967294,1790
4294967279,508
4294967279,275
319,8
291,5
4294967278,300
4294967278,299
4294967278,197
66,488
66,514
66,487
66,389
4294967279,169
4294967279,136
4294967279,135
4294967278,287
66,486
495,6
4294967279,137
4294967279,272
4294967279,269
4294967278,363
4294967279,171
4294967279,165
4294967278,242
4294967278,238
4294967278,303
4294967278,302
4294967278,237
4294967278,236
4294967278,234
4294967278,230
4294967278,209
4294967278,208
4294967278,206
4294967278,190
66,485
4294967279,215
493,5
4294967278,394
497,4
495,4
4294967294,1696
4294967279,500
4294967294,1766
4294967294,1764
449,9
4294967294,1547
330,1
329,4
330,11
329,11
4294967294,1988
489,20
290,4
452,4
139,4
140,4
138,4
489,29
489,18
489,6
4294967294,1780
4294967294,1735
128,7
492,4
4294967278,427
4294967278,349
528,91
4,4
6,4
6,8
66,267
66,484
66,266
528,90
4294967279,235
66,483
4294967279,229
66,482
66,513
66,481
66,480
66,479
66,478
4294967279,261
66,477
4294967279,511
4294967279,510
66,388
4294967279,505
4294967278,183
4294967278,176
450,4
4294967278,253
4294967278,252
4294967278,250
4294967279,501
4294967279,491
66,476
4294967278,202
4294967278,201
4294967279,447
66,387
4294967278,188
4294967278,177
66,512
4294967279,456
4294967279,0
66,265
66,475
66,264
66,474
4294967278,348
4294967278,344
66,473
4294967278,343
4294967278,260
4294967279,164
4294967279,147
4294967279,266
66,472
4294967278,426
4294967279,271
4294967278,320
4294967278,331
4294967278,277
66,182
66,176
66,172
66,166
66,161
66,181
66,175
66,170
66,165
66,160
66,168
66,158
66,167
66,157
66,173
66,163
66,153
66,180
66,179
66,174
66,171
66,169
66,164
66,162
66,159
66,227
66,218
66,211
66,199
66,192
66,114
66,106
66,103
66,86
66,69
66,58
66,37
66,471
66,0
66,327
66,470
4294967278,132
4294967278,130
4294967278,129
4294967278,128
4294967278,127
4294967278,126
4294967278,125
4294967278,124
4294967278,123
4294967278,122
4294967278,119
4294967278,118
4294967278,117
4294967278,116
4294967278,113
4294967278,112
4294967278,109
4294967278,107
4294967278,106
4294967278,105
4294967278,103
4294967278,100
4294967278,99
4294967278,97
4294967278,323
4294967278,200
66,386
66,469
4294967278,405
4294967279,441
4294967279,499
4294967279,497
4294967278,319
4294967278,94
4294967278,92
4294967278,90
4294967278,89
4294967278,87
4294967278,86
4294967278,85
4294967278,83
4294967278,82
4294967278,81
4294967278,78
4294967278,77
4294967278,75
4294967278,73
4294967278,72
4294967278,71
4294967278,70
4294967278,69
4294967278,67
4294967278,66
4294967278,65
4294967278,64
4294967278,63
4294967279,90
4294967279,87
4294967279,81
4294967279,73
4294967279,70
4294967279,69
4294967279,68
4294967279,67
4294967279,62
4294967279,58
4294967279,55
4294967279,54
4294967279,49
4294967279,48
4294967279,44
4294967279,41
4294967279,39
4294967279,36
4294967279,30
4294967279,28
4294967279,26
4294967279,20
4294967279,15
4294967279,6
4294967279,8
115,8
4294967294,1083
4294967294,1767
4294967294,1748
4294967294,1670
4294967278,131
4294967278,121
4294967278,120
4294967279,7
4294967279,5
4294967279,4
4294967294,1565
349,10
349,8
348,9
348,7
4294967278,212
4294967278,211
4294967278,210
4294967278,207
4294967294,1569
4294967294,1983
4294967294,503
4294967294,502
4294967294,496
4294967294,506
290,11
4294967294,1578
4294967279,496
4294967294,1679
290,14
290,8
121,6
318,4
291,4
4294967278,224
4294967278,222
4294967278,220
4294967278,218
4294967278,214
4294967294,17
4294967294,67
4294967294,41
4294967278,318
492,10
494,5
66,468
4294967278,313
4294967278,199
528,75
528,74
228,133
228,132
335,19
335,1
335,18
335,5
334,25
164,19
164,18
164,17
37,11
528,89
528,0
4294967278,310
66,467
4294967278,306
4294967278,435
66,263
4294967278,115
4294967278,430
66,262
66,466
4294967278,114
4294967278,385
4294967279,196
4294967279,195
4294967278,431
66,465
4294967279,197
4294967278,111
4294967278,410
4294967278,110
4294967278,108
4294967278,104
528,73
528,72
528,71
528,70
528,69
528,68
528,67
528,66
528,65
452,12
452,11
528,64
528,36
528,35
528,34
4294967279,202
4294967278,417
531,4
4294967278,102
4294967278,101
167,4
167,6
343,5
136,5
4294967279,494
528,33
4294967278,345
4294967278,98
528,32
528,31
4294967278,429
4294967278,434
4294967278,95
4294967278,245
528,88
294,2
228,8
43,18
43,19
4294967278,96
4294967279,490
4294967278,93
4294967278,195
4294967278,194
4294967278,193
4294967278,419
4294967279,134
4294967278,91
4294967278,84
4294967279,418
252,10
111,15
154,7
155,7
152,6
150,6
392,6
388,6
158,6
4294967294,7
475,4
171,6
342,6
4294967278,80
4294967278,217
4294967278,231
4294967278,225
4294967278,421
4294967278,444
4294967278,267
4294967278,229
4294967278,413
4294967278,275
4294967278,403
4294967278,223
4294967278,233
4294967278,241
528,30
66,326
4294967278,274
4294967278,446
4294967278,437
4294967278,273
4294967278,445
4294967278,367
4294967278,436
4294967278,79
4294967278,425
4294967278,192
66,464
4294967279,487
4294967279,484
4294967279,483
66,463
4294967279,79
4294967278,191
4294967278,189
4294967278,181
4294967279,480
4294967279,479
4294967279,478
66,462
528,87
4294967279,299
4294967279,298
66,461
4294967279,473
4294967279,472
66,460
4294967279,470
4294967279,467
66,459
66,385
66,325
4294967279,466
4294967279,465
66,384
484,4
479,4
4294967278,76
4294967279,76
4294967294,1939
528,6
529,4
4294967279,463
4294967279,462
66,458
66,261
66,260
4294967279,75
50,7
50,8
50,4
4294967279,74
66,457
4294967279,457
4294967279,454
4294967279,453
4294967279,451
66,456
4294967279,157
4294967279,138
4294967278,74
4294967279,446
4294967279,445
4294967279,444
4294967279,443
4294967279,440
66,455
4294967279,481
4294967278,138
4294967278,68
4294967279,475
4294967278,278
4294967278,261
4294967279,225
4294967279,439
4294967279,231
4294967279,438
4294967279,243
4294967279,219
4294967279,477
4294967279,507
4294967279,217
4294967279,247
528,29
528,28
528,27
528,26
528,25
528,24
4294967278,180
4294967279,436
528,23
0,5
4294967279,227
4294967279,223
4294967278,143
4294967294,25
4294967294,1170
4294967294,1167
4294967294,1166
4294967294,1173
4294967294,1168
4294967294,1590
4294967294,1772
4294967294,92
4294967294,12
4294967294,68
4294967279,221
4294967278,276
4294967278,136
4294967278,135
4294967279,233
4294967278,272
4294967278,264
4294967278,263
4294967279,63
4294967279,435
4294967278,259
477,4
4294967279,300
4294967278,414
528,22
4294967279,255
438,11
228,51
228,59
4294967278,440
4294967278,412
4294967278,262
4294967278,433
4294967278,407
528,21
4294967278,442
4294967294,1470
4294967294,1837
4294967278,406
66,156
66,151
66,147
66,141
66,137
66,131
66,59
66,42
66,26
66,155
66,150
66,146
66,140
66,136
66,130
66,57
66,41
66,24
66,13
66,45
66,144
66,133
66,46
66,52
66,28
66,142
66,132
66,44
66,20
66,149
66,139
66,129
66,34
66,35
66,154
66,152
66,148
66,145
66,143
66,138
66,135
66,134
66,128
66,56
66,48
66,36
66,25
66,18
66,17
66,8
66,454
66,453
4294967279,280
66,5
66,324
4294967279,301
4294967279,211
66,452
4294967279,303
528,20
4294967279,234
4294967279,232
4294967279,230
4294967279,228
4294967279,226
4294967279,224
528,19
4294967279,218
4294967279,216
4294967279,214
4294967279,213
4294967279,212
4294967279,206
4294967279,205
528,1
528,86
528,2
4294967278,142
4294967278,134
4294967278,133
528,18
4294967278,271
66,321
4294967278,439
66,451
66,450
66,449
4294967279,222
4294967279,200
66,259
4294967278,258
4294967278,257
4294967278,305
4294967279,209
66,14
66,258
66,448
4294967279,236
4294967279,427
4294967278,420
171,8
4294967294,388
4294967294,52
4294967294,116
4294967294,168
4294967294,162
4294967294,1419
4294967279,145
4294967279,434
4294967279,433
4294967294,1962
4294967279,166
4294967279,133
4294967279,297
4294967279,208
4294967279,193
4294967279,184
4294967279,175
4294967279,302
4294967279,432
4294967279,429
4294967279,430
126,10
126,0
4294967278,139
131,2
137,8
137,7
137,4
433,13
111,7
448,17
55,13
235,24
235,18
29,6
133,6
136,6
260,7
260,6
137,6
483,5
354,16
346,13
296,16
289,10
414,14
414,8
168,10
346,8
345,7
35,11
131,21
131,20
131,19
131,13
131,12
131,11
131,10
131,6
131,9
136,1
260,1
4294967294,1624
137,1
483,1
296,1
289,1
414,1
4294967294,1833
345,1
35,1
131,17
4294967279,506
4294967278,270
4294967278,269
4294967278,268
4294967278,282
4294967278,266
4294967278,265
4294967279,459
66,323
4294967279,191
66,255
4294967279,155
4294967279,154
4294967279,294
4294967279,391
4294967279,268
4294967279,488
4294967279,210
4294967279,201
4294967279,192
4294967278,443
4294967278,227
269,14
269,13
4294967278,255
4294967278,381
4294967278,235
4294967278,243
4294967278,392
4294967279,207
4294967278,391
4294967279,203
4294967278,447
4294967279,408
4294967279,407
4294967278,441
4294967278,390
4294967279,425
4294967279,489
2,6
279,8
4294967279,282
455,7
454,7
453,4
453,7
459,4
4294967278,389
4294967279,416
528,17
4294967279,254
4294967279,253
4294967279,250
4294967279,249
4294967279,248
4294967279,246
4294967278,247
4294967279,242
4294967279,240
4294967279,238
4294967278,341
4294967278,221
4294967279,220
4294967278,325
280,2
280,6
4294967279,397
4294967278,145
4294967279,423
4294967278,144
4294967278,141
4294967278,140
4294967279,387
4294967279,316
4294967279,422
4294967279,461
4294967279,421
4294967279,305
4294967279,486
41,2
228,93
228,69
228,92
228,78
228,131
228,91
76,4
150,4
83,4
153,4
41,7
273,7
86,4
154,4
114,4
162,4
43,13
441,4
164,1
164,16
228,56
41,8
95,4
155,4
391,4
37,7
37,4
40,5
120,6
316,4
331,4
432,8
4294967278,388
319,7
528,85
4294967279,204
4294967279,420
376,33
4294967279,419
4294967279,503
4294967278,170
4294967279,304
66,254
4294967278,342
4294967279,415
4294967279,495
4294967279,504
528,16
4294967279,414
4294967279,482
4294967279,469
4294967279,413
4294967278,280
528,15
4294967279,468
4294967279,476
4294967279,493
4294967278,387
528,13
528,14
528,12
528,11
528,10
62,12
62,11
53,2
444,7
423,1
51,4
131,4
421,4
120,4
420,7
483,7
421,8
420,4
420,1
4294967294,1802
4294967294,1803
4294967279,485
4294967279,412
16,7
4294967294,1806
4294967279,172
4294967278,292
145,8
4294967279,153
4294967279,150
4294967278,357
147,1
371,1
416,6
416,4
4294967279,411
360,5
357,5
366,5
363,5
291,12
479,7
4294967279,244
4294967279,474
4294967279,314
4294967279,471
273,15
312,8
